100
2 3 2
1 1 1
2 1 2
3 2 3
2 59 2
61 7 61
100 4 100
25 2 25
1 93 1
1 38 1
70 6 70
1 100 1
3 4 3
1 63 1
10 5 10
21 1 21
4 29 4
1 8 1
72 7 72
96 1 96
7 7 7
40 6 40
80 8 80
2 56 2
4 4 4
3 26 3
72 9 72
27 6 27
17 3 17
42 5 42
78 6 78
68 2 68
10 18 10
100 8 100
1 2 1
69 1 69
1 4 1
8 11 8
16 10 16
6 19 6
1 81 1
100 1 100
17 5 17
21 13 21
70 8 70
3 37 3
73 3 73
56 7 56
2 55 2
90 1 90
67 9 67
1 3 1
86 3 86
73 4 73
89 1 89
1 98 1
1 20 1
79 8 79
48 7 48
4 3 4
49 6 49
99 7 99
4 1 4
20 9 20
34 10 34
99 8 99
47 6 47
95 9 95
11 15 11
100 3 100
1 97 1
52 9 52
78 5 78
48 10 48
2 4 2
95 1 95
86 4 86
28 10 28
14 7 14
3 1 3
99 6 99
9 11 9
7 21 7
94 3 94
3 3 3
3 27 3
100 2 100
8 12 8
69 2 69
52 5 52
35 9 35
4 2 4
70 4 70
100 9 100
7 15 7
38 7 38
75 7 75
2 2 2
18 11 18
3 32 3
