100
491.35833 1.26049 1900.11904
170.66577 3.0 572.584
328.12930 2.89027 761.42890
487.00000 1.00000 532.00000
405.02 2.46482 74.49165
338.62248 3.41397 698.17519
274.22721 3.03225 559.50132
398.12380 3.78926 58.84955
495.99177 1.42803 1910.84849
218.8 1.7570 984.92035
498.03788 1.22790 1966.76903
11.20 1.55 232.81363
497.88975 1.08263 1993.18870
490.06898 1.03710 1979.12141
1.02568 3.74291 1999.22736
224.0 3.0 512.0
496.73938 1.41960 1956.11787
492.91097 1.29720 1979.12894
490.29443 1.13348 1992.14763
490.58671 1.26617 1932.30656
283.08569 2.97810 383.86348
145.71889 2.89652 819.95394
491.14207 1.34808 1921.52481
103.0 1.0 1730.0
490.75145 1.06885 1900.42736
491.96941 1.03539 1919.40559
495.09063 1.11280 1914.54868
1.00698 3.48701 1999.23332
490.35920 1.14288 1979.75194
493.46253 1.13749 1902.85047
498.52112 1.08388 1960.96786
491.97387 1.37196 1925.12428
163.00000 2.00000 326.00000
419.82524 3.58451 101.13117
360.82079 3.61668 1697.34308
491.75873 1.40378 1902.67569
498.06254 1.03890 1950.07337
136.91859 3.21594 1483.39240
490.55998 1.02901 1966.72336
493.22770 1.20476 1935.78686
292.0 2.0 1054.0
496.31913 1.04223 1989.95960
297.7 1.08 1657.1818
88.0 1.0 1502.0
222.75807 3.84432 949.99165
496.75030 1.25409 1929.82635
63.0 4.0 744.0
497.34646 1.20841 1962.06934
317.00000 3.00000 332.00000
106.26366 2.30967 1362.22120
198.42990 3.4 1309.5163
494.84413 1.17768 1961.27081
56.00901 2.85 1493.6891
436.0 2.0 1216.0
112.18909 1.58887 1332.30947
166.77310 3.8 1917.5496
498.37628 1.21464 1949.98006
72.0 2.0 1702.0
192.94 3.047 1831.353
1.0000 3.63 765.7175
149.08324 3.15389 724.25563
498.31518 1.04798 1931.17870
361.40308 2.06415 136.69389
1.08410 3.75979 1999.32139
322.394 1.0 573.2700
339.00000 4.00000 374.00000
312.39473 2.25321 1209.79952
495.77324 1.42382 1949.16199
491.54938 1.04862 1921.90570
170.0 1.0 1610.0
399.58085 2.01858 2000.0000
371.37574 1.67390 1113.76292
398.0 4.0 304.0
283.0 2.0 872.0
454.75900 3.67011 1601.62617
247.0 2.6636 1631.40
1.09797 3.22137 1999.12095
412.00000 1.00000 427.00000
494.22055 3.17175 1401.01553
492.12507 1.05229 1954.45864
19.708 2.694 9.0
481.0 4.0 127.0
296.0 2.0 1847.0
490.18518 1.05965 1935.86505
1.17617 3.28477 2.18774
91.0 1.32 6.4
60.0 2.90 1.00000
497.04688 1.20646 1988.38367
498.80839 1.48815 1979.40633
493.80524 1.03749 1900.97480
251.73102 4.000 480.79966
145.00000 2.00000 290.00000
175.94611 2.08713 1048.16081
500.0000 2.83872 1213.0
263.5 1.000 1509.9469
498.25519 1.31705 1975.26950
352.98093 2.97001 1684.41740
167.00000 2.00000 334.00000
325.0 2.0 666.0
165.00000 2.00000 330.00000
