100
3 8
5 6 9 4 8 2 1 7
3 1
2
3 10
2 4 8 16 32 64 100 100 100 100
3 10
1 4 4 4 4 4 4 4 4 4
100 1
100
3 5
11 20 60 22 100
2 10
100 100 100 100 100 100 100 100 100 100
3 5
100 100 100 100 100
3 4
1 6 12 49
2 6
9 64 19 16 81 80
1 10
100 100 100 100 100 100 100 100 100 100
1 10
1 1 1 1 1 1 1 1 1 1
4 8
86 76 29 9 66 63 38 96
1 4
3 81 43 54
1 3
30 65 84
2 6
4 25 76 25 3 60
11 4
26 79 1 8
6 6
35 1 42 2 31 4
24 6
76 25 44 55 4 90
18 2
9 28
23 3
1 7 1
19 3
62 99 47
2 3
47 43 58
1 7
48 15 1 84 16 10 2
15 2
32 13
24 2
26 1
6 7
3 27 2 27 7 43 2
21 1
20
2 6
97 70 38 17 16 71
11 4
58 26 54 12
22 1
37
2 5
10 1 63 22 14
20 4
61 37 11 5
5 8
2 83 14 51 1 1 59 20
2 9
47 1 45 16 7 10 20 90 2
16 3
5 72 12
16 1
10
15 3
55 35 50
19 3
27 7 1
5 1
11
2 2
1 7
1 2
1 2
2 7
33 12 16 93 65 27 13
12 5
6 40 4 26 52
22 4
65 1 6 26
14 5
71 1 30 32 5
1 1
28
9 3
15 1 49
14 7
11 71 18 81 22 77 19
6 7
54 3 2 70 21 38 9
1 3
4 5 48
8 6
5 13 51 35 45 1
14 6
9 96 19 1 5 81
9 1
65
22 9
11 7 26 44 43 1 2 11 78
20 4
2 56 60 2
1 8
28 1 32 17 47 9 48 3
16 2
90 21
22 9
92 1 6 4 73 43 8 94 1
1 2
58 93
12 6
27 18 1 72 16 39
1 1
65
3 4
5 68 67 1
21 6
50 51 37 15 5 44
8 2
11 4
3 4
4 9 12 2
9 6
49 17 70 10 15 1
13 6
12 12 72 27 47 62
23 5
8 2 52 7 12
2 7
3 90 1 75 13 32 2
2 1
1
4 4
15 22 12 18
19 8
33 1 27 52 1 99 36 1
1 6
6 71 62 24 53 10
19 2
51 1
1 2
63 73
1 9
42 31 29 46 63 4 59 68 25
15 6
2 1 39 35 10 23
2 8
99 46 1 97 47 10 38 53
13 2
54 1
1 4
47 10 70 5
2 6
6 59 18 64 89 35
8 2
77 15
2 2
29 31
21 5
1 93 95 87 6
1 9
96 5 6 70 59 2 10 19 19
8 5
34 25 32 21 60
10 6
45 14 58 18 62 2
9 7
15 68 3 31 38 12 35
2 7
56 45 75 10 1 90 70
1 1
4
5 2
14 7
1 7
17 10 14 1 44 99 16
4 9
1 50 1 29 69 69 67 80 38
2 1
15
2 1
55
1 4
41 63 2 13
10 4
58 70 80 23
20 6
5 2 57 9 60 32
5 1
29
